Precision: 0.7953216374269005
Recall: 0.22479338842975208
Accuracy: 0.22479338842975208
F1 Score: 0.35051546391752575
