Precision: 0.6418918918918919
Recall: 0.628099173553719
Accuracy: 0.628099173553719
F1 Score: 0.634920634920635
