Precision: 0.41496598639455784
Recall: 0.20165289256198346
Accuracy: 0.20165289256198346
F1 Score: 0.27141268075639596
