Precision: 0.5555555555555556
Recall: 0.9935897435897436
Accuracy: 0.5535714285714286
F1 Score: 0.7126436781609196
